
range:5, hole:5, height:2.5, gap:2.5, clear:5, lineCap: 1000
{16: [4.076126802666664, 4.189679839736169, 4.739055974509349, 3.8326103228683825], 1001: [3.2187584961258664, 2.5910268405479546, 4.376973791577321, 5.082349048157076], 26: [7.521433782650457, 4.799410793754115, 3.962996782260142, 3.248196724534135], None: [4.34182269592038, 3.9596171533601203, 4.749437191836185, 3.5324706579042866], 716: [2.652587994777332, 3.2733674764135823, 2.174268823450763, 5.8273004351573086]}
{8: [2.672240953461955, 3.912640288701126, 2.7363526266013554, 7.750099965397475], None: [1.8545521158207312, 2.5426499679352093, 4.880868622690755, 8.77945092835936]}
{993: [1.5499800093510996, 2.77265209311437, 1.7242355724741842, 2.682616034310763], 2: [9.706933433035449, 0.7774288000321411, 0.5557880785818642, 5.4655321707954165], 20: [2.639866817993808, 4.485503293838179, 3.509223676953048, 3.232344504739195], 5: [9.288001531396134, 4.825875083687204, 4.702732739112106, 7.73689790293516], 39: [0.9195619014305512, 3.3881809038718913, 4.155144190835641, 7.260290228036382], 424: [7.548092357354522, 2.8996856511171987, 0.6342673302872881, 1.4484281150416745], 1001: [4.156044205330246, 2.860114316157813, 4.742563501055575, 7.318543970392786], 18: [5.145829667576423, 0.31331528671431297, 4.299836453861484, 7.097172516958546], 30: [3.058613411446421, 3.8938402726065475, 0.5996354637348428, 0.8405007572689993]}
{144: [3.862182115268001, 1.1000163139082442, 3.7535220579920825, 9.621983579082649], 16: [7.123945552317558, 3.6549347537920287, 1.6670808459689779, 4.149367113297414], 274: [6.723885478430231, 2.131356900159964, 2.8985534969805555, 8.880889697771934], 27: [8.837793754807212, 4.72180854111436, 1.8336294070017871, 5.850132690449201], 5: [6.400093831822852, 0.017191941507587738, 0.2837120055754694, 5.937098698759887], 72: [1.635068209563676, 3.3229895231702136, 2.7616387430935543, 0.8160612434129455], 1001: [9.390735214657905, 2.021461272964839, 0.021527652634460992, 1.490102627716664], 107: [6.230760029996376, 3.5928427598512727, 3.7849835594119945, 6.941284222837748], 12: [5.869906611564009, 4.566880420154139, 1.19708766509525, 6.874887367618675]}
{768: [2.7877916126545332, 1.1225970368033584, 1.5059309064230142, 1.2556334884738163], 2: [9.430616702259261, 4.860704594962807, 2.5388921294536515, 0.5771514303028125], 3: [9.756515014944782, 0.03240365099601794, 2.130301686169602, 1.0403336170202426], 9: [4.328091415001833, 0.6120841661496473, 3.2488115360179854, 4.429053207963412], 54: [1.233364372900977, 3.3537101820283737, 4.388859283153648, 3.1574778305232454], 7: [5.2734051401823665, 4.766294194350445, 1.1127018301305758, 6.091554092647469], 8: [9.403176015322213, 0.5712569397713652, 2.9481932117561165, 7.925498230392658], 1001: [8.552021898580621, 2.7038862679208684, 4.539613046245006, 7.259908534611662], 13: [4.079193799593855, 4.34128895530179, 1.144932385170701, 2.748871048127702]}
{193: [3.9879556235862323, 3.047715895624343, -0.15565179963673437, 8.148135849441662], 2: [7.60827762703673, 7.317870005653596, -1.1038743202370338, 8.80711150660096], 52: [4.1096314368323945, 3.5395320463914093, -2.4647379625785604, 6.5415181978850345], 377: [1.2705111654861678, 2.93885435085258, 7.013793469916115, 0.6417678665243587], 1001: [3.598777918426701, 1.422128075390543, 4.772761809771038, 5.63894262272398], 282: [1.9661531509947983, 3.021788741448451, 1.050893907479722, 4.887060413307553], 10: [6.036761517522419, 2.8563124755203804, 0.8328313790448458, 7.1717744729816]}
{1: [1.2715281866994854, 7.057440770950109, 3.2457017596494087, 3.3168472348240474], 3: [6.626165509731116, 0.9737314079259657, 0.8843996029492338, 1.2944469857608232], 406: [1.0108957352229053, 3.2680676300958225, 5.1137544510715145, 4.251051334289546], 6: [1.1473004165208556, 5.695500357924355, 3.7494059038972356, 9.72797005596356], 697: [9.65009512330752, 2.548520119582982, -0.09654169703714821, 5.974317125112857], 1001: [7.199325624453806, 1.974804616374183, -0.5548116390063074, 5.386046753098554], 13: [8.392328849610989, 6.928292440115765, 0.1497301946376095, 4.1435003797736965]}
{0: [3.661560810514213, 6.990348155423216, 3.5440132982396193, 8.95404902494366], 3: [6.159988397194517, 7.2599115541786245, 0.03829546938152628, 6.459819681426771], 436: [5.246470416689048, 2.9603169106261444, 1.7901082835848623, 7.6491029411486195], 1001: [0.44536183121315465, 1.0716000366939962, -0.6494908747228456, 6.112762224066497], 60: [9.327766996854928, 3.2172407831440255, -2.2120148230690386, 4.937880281052517], 14: [3.8580533182220633, 3.960784470461504, 2.598181761819749, 7.176371645078779]}
{1001: [9.358924629485436, 2.6148468511658014, 1.0698980444085504, 2.115585307841772], 1: [9.680088512954129, 5.804863345803722, 4.895797125139357, 9.013804753039189], 2: [8.158961155536016, 6.248978439356999, -0.42920728323069834, 2.5424084296785088], 3: [5.313503382688252, 0.5090618308819741, 7.058890152349969, 8.180271845511719], 17: [9.171190960272659, 4.554990774162784, 5.979301457681917, 9.710592129678698], 41: [1.5120835045204173, 2.9803627780354702, 5.257811486470418, 1.142862962621074], 410: [1.8859433815439208, 1.0451683273783656, 5.774317851885995, 0.03208839939301433], 92: [5.386086681031577, 2.965967490246797, 4.18329034590719, 1.3916962989903425], 15: [4.19221721955503, 4.727578532038638, -0.6041655207210339, 7.644802581927982]}
{0: [6.192239658497446, 6.716675639886047, 1.6965087763114317, 0.6519810110088575], 1001: [5.96570240757639, 2.858006920969038, 5.949024038540237, 2.9051424995216477], 861: [0.006151298183807441, 2.6333658650146923, -2.3176902139827424, 4.924357465162782], 6: [4.3777254831636405, 4.180859201704397, 0.16355669819820307, 8.49439199461646], 1: [4.0831497383459405, 0.328098854578959, -1.9230737455625257, 5.643808209777086]}
{0: [2.8216750763976783, 6.5679523980840555, -1.5841834578818126, 9.296284948966774], 305: [8.143556931852613, 3.054586467952554, 3.450069948739017, 6.2809579663581285], 2: [0.6508002067193341, 6.379882241658504, -2.3766335478270117, 7.467116955287123], 3: [1.9880646277243175, 6.481301856360953, 3.8630705971925705, 0.33539304037168094], 4: [1.5658922848769796, 6.857422779313183, 3.4433483432594016, 2.118336745677092], 6: [6.886546484514432, 4.990972819494784, 4.5521449931384055, 4.719818122950351], 17: [7.538885031080612, 3.479956449424658, 7.245696946446365, 4.659558735584729], 447: [3.6104037195447747, 3.177560928934941, 5.471172256426282, 8.682713907266944]}
{0: [4.303378875032076, 7.2380524770587895, 0.33829845766761624, 6.484909308321618], 1: [5.501938904182283, 7.211666912826817, -1.3909411186736564, 2.1030550828655157], 2: [1.6106305508496177, 5.848293757725664, 6.024644733481585, 9.981739105290528], 3: [4.557521932158643, 5.791894480052509, 2.3117832798471376, 3.995176402086339], 4: [8.298504395579448, 0.18730634459499157, -1.8828865559894403, 5.048356804949816], 7: [8.016168860452918, 0.3018965825014003, 1.8330151810498538, 6.568420716112354], 1001: [7.329512593373249, 2.244688164222465, -0.31104955222411945, 3.8189808313871976], 12: [5.327115313005825, 3.511593015566025, 2.2926286190420377, 2.299021857451129], 14: [8.471808580632135, 4.751612561497995, -1.7504478594453643, 0.0963951759901549]}
{0: [3.433671701147527, 6.456849574330111, 1.2391464424544498, 9.427376836121988], 4: [4.7064079882868235, 3.1722316854837085, -0.22298965907206814, 9.098862457089554], 9: [6.199478561703277, 4.3585823893519295, 3.8672922038602655, 9.185939951564645], 7: [7.187655513193777, 4.507165728864464, -0.28594638306885223, 4.614665490449714], 180: [6.0110179590272095, 3.5442109285740098, 2.3172964910870313, 9.553769018589476], 983: [5.750288404344119, 1.0099776816793495, -1.5817997043942655, 4.058098689693716], 12: [9.464348518781609, 6.974739307749366, -0.2610195813065239, 1.2513528356133752], 13: [5.434870435195092, 5.124201094642564, 5.406703372065179, 4.451594568987842], 20: [5.578844186962243, 3.372640740824607, 5.9138319678813325, 0.6440860155616424]}
{0: [7.285804844292537, 7.217829793274948, 5.282808198783585, 9.506951447545077], 1: [8.670067645210413, 5.775134653431038, -1.6723908252371633, 9.459003045595255], 2: [8.290732501470961, 4.901482377310681, 2.707813547081371, 6.511796485472856], 4: [2.4059404201306345, 5.836990332377974, 5.983191074115036, 0.13112814972489284], 1001: [8.285381132600238, 1.5898033118698442, -1.6932278870814044, 6.843869151521632], 8: [4.80284701599905, 0.7682061328353338, 0.41908542311535957, 7.512357259797382], 76: [3.596836259447712, 3.4031923788523892, 2.2622044862241815, 5.413690573874632], 11: [2.235464109499853, 5.408287073965157, 5.0248319325815185, 3.5938188281668815], 12: [5.277465271576096, 0.7596178803741965, 0.38420301914276056, 1.2881678747785852]}

range:4, hole:6.320137824311881, height:2.4387815064452654, gap:3.6389088406045977, clear:4.544367801566513, lineCap: 1000
[[4.09934475822487, 2.207222364160783, 1.5822974408562858, 2.723996884596388], [3.9044122139891417, 1.6029411112947534, 5.847327430538222, 6.727821520504756]]
[[4.022874366434371, 1.8197839971844607, 5.2720530371462875, 3.4725142595351683]]
[[8.125566311627031, 1.9759594199707196, 6.636497087596972, 7.416257446189042]]
[[6.8143371818147, 1.67915443231825, 6.27086477343763, 5.690067737261937], [3.407299445867552, 1.9065040302576333, 2.4193190442584966, 7.147923986795276], [6.490347483072026, 2.685847885105587, 4.458163822084325, 7.609940798613326], [10.27888595767196, 2.8468546651417768, 4.591254705783854, 4.124454267351322]]
[[3.4256829214255955, 1.9127948309768974, 0.8090376256991987, 3.23399990364597], [2.9378141253808785, 2.464961018594197, 4.7721944258064095, 1.3485102476013289]]
[[2.7826108722788216, 2.5443877094999032, 1.7062194561692565, 7.026641137191594], [9.638377135965545, 1.5097372224193841, -0.32343712856056195, 4.504234279431179]]
[[8.041063934193257, 2.077192568838989, 1.3767311981815005, 6.453139690771459], [2.8187662990436717, 1.5920083257300877, 4.361641980325404, 6.102236469996685]]
[[6.081975606550776, 2.5817960117529015, 3.147452998775653, 2.219974610286619]]
[[6.770608622351286, 1.5387241210917668, 5.842436606259506, 1.3653271000888765], [3.6979020407014795, 1.8516810314038816, 3.8795245847373203, 4.237433339234952], [10.07469940265819, 2.471583639474284, 5.9114799621105885, 6.789142862034254], [6.915712529734251, 2.487251719852781, 1.5665657488010605, 5.1306274216795]]
[[2.497080812615782, 3.1077531507656957, 5.646658685395314, 8.406814386143662]]
[[3.705530018633876, 1.2745431949456512, 4.00238904651953, 1.3891229323845176], [9.186697208390667, 2.6777306242078653, 3.6210422654575862, 5.717186201064099]]
[[9.499896644653733, 2.037354432853704, 1.2051938907777138, 1.9479310173348938], [10.317127393107658, 1.5808660063974984, 1.979386038632612, 8.482062842876402], [8.18199162639365, 2.3311321285514284, 4.619783851104394, 4.556579350065176]]
[[7.230528840584633, 2.4636416441047237, 2.2817228224688155, 4.862818203966567], [9.223623346959869, 2.046947694162234, 3.70772547883409, 2.3995610878340434], [9.730651358310078, 2.3618515564711093, 3.0473982852840265, 8.32944697990198]]
[[6.380418296523823, 1.617897529903955, 4.967093544967296, 8.349053112035632], [2.9689746213433557, 2.8235194878829044, 3.549321890611417, 1.5444723547418249], [8.300869204336148, 1.6102165865806328, 1.772402576442484, 3.0613735059258436], [6.651394047691148, 1.2718153592048727, 5.9733899826228996, 3.4449488133373296], [4.347368784852297, 2.235131582339378, 7.485136596475687, 1.7504408729506105], [4.166494980836576, 2.3294439732354655, 0.43307597945422716, 6.027645990135671], [6.139915378765495, 1.2087729275319146, 4.271796381778023, 3.5022440097563483], [8.710712864277905, 2.704620785706555, 2.721474913171836, 5.253086160207067], [6.748127438953927, 2.0477980791529182, 5.776808373880359, 1.5756908464735824], [4.800559882801505, 1.530257249437656, 1.188696833382338, 7.554552088239252], [3.4817097497017944, 2.095005612531784, 3.38535453737973, 6.645935415548353], [3.6419772757488413, 1.8735915657810998, 2.8989660739248495, 4.886478821109113], [8.542739637446276, 2.065310840513148, 2.1248899473238416, 2.877818210909417], [2.4032768691095807, 2.095530842763565, 5.648648054607619, 5.4449425412423045], [2.9653316645171888, 2.1112781456295076, 3.6853977658750323, 2.6291941021368124], [4.948444176455164, 2.224588363407065, 6.474607023223035, 1.0808269682601832], [6.2269357307002196, 2.301724113735787, 0.004249302432870028, 5.75404529842374], [8.85996939858611, 1.7051281807206757, 0.5014923597798338, 6.956709738510704], [3.8195258958792593, 1.736209470730821, 1.2993938536765017, 2.99058260942181], [5.017974505391791, 2.4076565280108757, 5.769480677073648, 1.7338252154887248], [8.562759024493648, 2.2759675142568003, 7.4598462828414664, 4.601359338962193], [6.568973932268861, 1.6429503294546717, 2.3131869655037636, 6.443234480875024], [8.747583141443672, 1.2761872594528312, 0.9953086683967132, 2.9034247628912513], [9.373437507552865, 2.0168551563026083, 2.1885076157865293, 6.376219553547893]]

count:51

range:2, cols 6.130166771222496, holes 2.0654103293995507, gaps 3.59707624497361, clear 4.672541911687853, lineCap:2000
[[4.732164686146905, 2.571730450300308, 4.223262749290754, 6.60070057485226], [4.993120513283092, 1.7267002088379275, 4.000417766067017, 4.161133408098909], [5.9153322355535956, 2.6912720126144998, 4.812477802112088, 4.374839094439535]]
[[5.721253777102117, 1.4025037149426804, 2.4352682341579133, 3.1783265348205085], [6.430996869586944, 1.5002996704010787, 2.2655399483207503, 5.760460311858327], [5.935448517385652, 1.3314057888697364, 3.9838766515837243, 4.3057117020245546]]
[[6.7646297390904895, 1.597675119192544, 2.48029051756102, 2.867982084330117], [5.568825151075593, 1.8419533407747952, 3.381716595601072, 4.772134206208466], [6.618049522807466, 1.8155359723761508, 1.9724569743701426, 4.453910808738458], [7.515909204822, 2.762746274270384, 1.8779929115572749, 3.9382353193372084], [5.394964819255477, 2.5153248316026477, 1.6241652498474557, 4.453092912676693], [5.173283270275959, 1.880689279369459, 3.360379848734446, 3.854224917507542], [5.349594961391476, 1.4968892793684336, 3.319397068768652, 4.378155609042792], [5.007384990276128, 1.9976033178482182, 3.314224059312132, 6.32093275240655], [6.935443534925744, 2.7376223061867924, 5.140669834684054, 5.061457940544428], [7.148034926632553, 1.1767988308827633, 3.4296825015912975, 3.7966512145887985], [5.310484576843588, 1.3721587717088894, 2.8531759628827826, 6.506135012715038]]
[[5.804803163790639, 1.9210404475645189, 4.874791998971046, 5.190649872298664], [7.001474115753501, 2.733643294742776, 2.5213114850686833, 3.223451712255319], [5.143254415481971, 1.9044807790024532, 2.811508827479873, 5.6635534999951815], [5.822241884731831, 1.9772028404803201, 3.9671414658226696, 5.179793325668907], [5.679657748856856, 2.6337734473910683, 3.2514049059709818, 4.9156402319681485], [4.871868334863918, 1.5152505286120812, 2.9604474515524766, 5.636449448030996], [4.4612870073930155, 2.335632973777646, 1.9235008556823256, 5.42299614480317], [7.543032840382572, 2.445747847327623, 5.046581187348442, 5.798346082188593], [6.009523781747351, 1.6074008960476394, 3.3546043466209583, 2.8260151640382944], [4.482203689639011, 1.7318349314250256, 3.917648848131401, 4.845473365605281]]
[[8.093189183948411, 1.596291587453142, 1.7486001552081505, 3.308338234259338], [6.218719589376739, 2.5283142638067213, 1.909073684702709, 4.117653036549875]]
[[7.316297999449123, 2.526581345970097, 2.501203899265444, 5.559604067328612], [4.163668726997961, 2.299853992184855, 3.6117844023409824, 3.8417854820375155], [5.351910249611039, 2.664430594707269, 5.339877246605086, 4.478632408033977], [4.271129238266906, 2.3476277762106057, 2.551048166773622, 4.236036812951772], [6.4232524950379535, 1.6205056290669422, 3.5470461695699993, 2.9243828585891456], [4.58447028721968, 1.4787885626488095, 1.6250137164350198, 6.496729683251632]]
[[7.811597850164391, 2.0759033636539765, 3.7444308578050634, 5.500623353576934], [6.312457616959992, 1.6891851751280416, 3.4169786713293533, 4.058200920083131], [4.449511820670895, 1.7113695523613282, 4.901186166561317, 4.5310792698944775], [7.635296798269639, 1.8805686893920215, 4.903134546643859, 6.217929372644232], [5.782464402295437, 2.217514397989302, 4.182561898589682, 3.6924893893194843]]
[[7.803579157030384, 2.3219495612460856, 2.1646081099120873, 6.468489825338134], [7.416271533038659, 2.4848832264806875, 2.993230606280279, 4.545316656799476], [7.4964492859341245, 2.295766504153709, 5.1034149509952895, 6.555977887375321], [7.538747530833055, 2.0595781924304455, 2.805875266856564, 3.5295161655105582]]
[[5.90723318802602, 1.7493114868562074, 3.5982721749782445, 6.045516265773232], [5.6756639082749105, 2.1231814875995396, 3.8834961567645383, 3.6422656378632707], [6.1054592412611495, 1.8846149369014569, 1.7609550833511363, 3.0180882152432225], [4.296531964561696, 1.6623496098037664, 2.8388397095339206, 4.92255027884651]]
[[6.179793076848265, 1.8580447229230446, 4.999773331414623, 3.3174827027413305], [5.336240703325833, 1.9608643718611454, 5.483818479464022, 5.129977839140391], [6.0743755112618825, 1.897095672757334, 3.587000761845381, 3.0784012520076534]]

count: 51

range:1, cols 5.991736855642347, holes 2.003127291362843, gaps 3.378532554163095, clear 4.6412455071804315, lineCap:4000
[[5.583379460157725, 2.062677213169554, 2.974541318781063, 4.929927717535305]]
[[6.982024332469052, 2.258821813082723, 4.04399225288587, 3.6659143761845017], [5.095094913221898, 1.692872069018107, 3.2986225587481712, 3.694347569953598], [5.58660057626902, 1.7244806954077136, 3.8633059319878167, 5.577551720253269], [6.594957738637342, 2.028659902386114, 3.285189750083874, 3.9744184799341626]]
[[5.571240382711807, 1.8744307737089958, 4.3639935191107355, 3.651758394021397], [6.358659472276258, 1.747345473873518, 3.383179932373004, 5.144373547849042], [6.582918198709574, 2.232600763140056, 4.341767984256559, 4.241030698576782], [5.428855148626901, 1.5876320791741754, 2.9640923517541475, 3.8712576587841934], [5.380391183687685, 1.7670184524901191, 3.2425909589618183, 5.518960595833512], [5.930761714560035, 1.7833063195739387, 4.284740770936613, 5.338480764842492]]
[[6.076388831822888, 1.6562884728559941, 2.714117847860363, 4.691799653113414], [6.929442494128995, 1.7711194817186726, 3.4801039865726633, 4.795631037634996], [5.252915327851485, 1.5917410810227781, 3.608967371211833, 5.011621811919685], [5.754215235934905, 1.7460931606652565, 4.003991045315829, 3.8146147295080572], [5.052371111511302, 1.594995998457639, 2.9664561457681327, 3.9952983729095797], [5.571341769763443, 1.9825527920005988, 2.6638153181517117, 4.841808149392972], [5.515175766530323, 2.6202048042705925, 4.017672245304663, 3.769159632899113], [6.838089867021855, 1.96251670088183, 2.4144943759930317, 4.91606808626887], [6.843875766263867, 1.7576574809910703, 3.886682487301253, 4.783056723541646], [5.325393230184899, 2.5557866470451063, 4.355671037878951, 4.343087610139507], [5.891169349697142, 1.5803237136044006, 2.8076717967632945, 5.129183145740553], [5.671240347141264, 2.362105950996945, 2.7648997869784715, 5.276852257916086]]
[[6.618632749350688, 2.0880892994410822, 3.365509709711673, 5.571831366394476], [5.247027827436608, 2.2476363138095565, 2.7671804799188577, 3.6726981205084646], [5.108711974433616, 2.5657913806016124, 3.664628198586703, 4.916898156585807], [6.4253391792387315, 1.7032067767562384, 3.5157348745918213, 4.550114411554325], [5.302643914125226, 1.6410766171021112, 2.40146326242778, 4.760198461275518], [5.5917290873003065, 2.194650101463922, 3.5923020467158326, 3.712242459410879], [6.716544575654144, 1.8598093425933229, 3.8286224399535387, 4.137435524728158], [6.270549568527633, 2.3566398518026928, 3.9715443605517606, 4.545408123371322], [5.379166557819429, 2.1393343472645645, 3.464580228037404, 3.775510668768412], [5.503207271232119, 2.4535095642527116, 4.0848836883341875, 3.955953541992564], [6.431504009862821, 2.520941383488893, 3.00106654440855, 5.488669997305818], [5.410281466403845, 2.147895105415101, 2.7733591152175006, 5.464567363062711], [6.630065315529059, 1.8232411584483572, 4.33279253455018, 4.054596464687325], [6.285206840978115, 1.7744008431878755, 3.211123844027922, 5.601881986039476], [5.363872837310087, 1.6718427800100717, 2.825557563865853, 5.571657847548688], [6.4089963826541805, 1.86278792841922, 2.907185946639876, 5.349064336610448], [5.546788606870072, 2.276457068802392, 4.22004343996393, 5.308259373157257]]

count:40

range:0.5, cols 5.901419259597659, holes 1.98171354255989, gaps 3.4414534763120814, clear 4.635329773443859, lineCap:8000
[[5.580097037767606, 1.9353182941486664, 3.2186977005555613, 4.227961299334799], [5.640099648045527, 1.7719966562559515, 3.4093648691537326, 5.072918251680431], [5.735873273845346, 2.2342579838590297, 3.5099859149797488, 4.685513658077309], [6.175087844405939, 1.6689363274064317, 3.604837472402632, 4.738113555482526], [6.204909305743145, 2.0431347997167815, 2.9754659563891215, 4.907903556324613], [5.948735487234684, 1.8512469395779068, 3.54169315511399, 4.802109229485627], [5.450853814055002, 1.722685457112544, 3.1476048084176296, 4.711471579829118], [6.203084970139379, 2.4358621565702565, 2.9532001284075426, 4.947446953031046], [5.91310873746054, 1.946971144448882, 3.5295162168897405, 4.355373545882126], [6.382062056867277, 1.9449336221205389, 3.391130283631977, 4.29251750356642], [5.92077987446728, 1.6594993059591852, 3.7631988598023485, 4.656397630179756], [6.257948714760174, 1.7462633581234455, 3.1377313600258807, 4.310678722481176], [5.78259821245439, 2.14034074763311, 3.3730736446180707, 4.7838920622877845], [5.9695141214959175, 1.6507823553067669, 3.810330167474172, 4.2416540944139305]]
[[6.16195089958681, 1.9999982453557854, 3.4604322294765817, 4.285833838931441], 
[6.0522016689017555, 1.9000223944894143, 3.4917085643619696, 4.571156745198905],
 [6.005811969994241, 2.2132323893187866, 3.1016449286906322, 4.482964268876345],
 [5.573786989549307, 1.9374477158741708, 3.338181205782184, 4.350523627424365], 
[6.042742979510528, 2.123695750327828, 3.885480666495544, 4.248096925453199], [5
.863925771213806, 1.8429075833284596, 3.4237399269477438, 4.8337071557397895], [
5.573159726239188, 2.3342451123802808, 3.6802644392351764, 4.920154991492694], [
5.835304963513061, 1.9400629360659694, 3.01812049286816, 4.717261111235687], [6.
271977830882697, 2.2269214022193595, 3.334831216211737, 4.796120188856897], [5.4
0669822525689, 2.4074445642940954, 3.709881700450693, 4.519050401406357], [5.765
458755459619, 1.5990592020247731, 2.9643809807268884, 4.977772919032547], [5.866
283543953415, 2.1455171641734836, 3.8356842550490544, 4.45083968314613], [5.6944
12161819098, 1.7206322712638036, 3.416318914438296, 4.727412645685022]]

count:27

range:0.25, cols 5.899202540171207, holes 1.9682746621983596, gaps 3.408388891059141, clear 4.615364672019854, lineCap:100, randomized board start up to row 12
[[5.968639322786636, 1.7651745944206605, 3.3468460770226396, 4.818161202567378], [6.142267531054552, 1.7839420095976743, 3.274890854937091, 4.6447758291189745], [6.096980463984722, 2.090220598171947, 3.316152309298551, 4.418975592764645], [5.666459996728427, 2.098253828369415, 3.1848499291468717, 4.471992463032442]]
[[6.133300896228595, 2.009913182537815, 3.2645680019434264, 4.77184579951361], [5.896805079547164, 1.9253807866638017, 3.5640386922698326, 4.69037844389741], [6.077969809512837, 1.7239513970731837, 3.272453923278392, 4.415463262390007], [5.946845093062228, 1.9342212879526042, 3.347130749967134, 4.771667907392438], [5.893460040924647, 1.986457292146989, 3.6201071953406854, 4.768798413966923], [6.026058754455615, 2.1767024130757724, 3.405065714308649, 4.6116158230508795]]
[[5.800586547968592, 2.062674772473966, 3.343859082932651, 4.525923880084355], [5.832407309607382, 1.9943770688759648, 3.2463938919233426, 4.740456695347087], [6.0476655643226325, 1.7627765787157599, 3.368727169942509, 4.453539749504705], [5.834004988521178, 1.7614474368640032, 3.4752450185160746, 4.547509850523006], [6.052443304194661, 1.95216050509608, 3.3345503832797676, 4.4085780672824555], [5.814077580292185, 1.9907298328124967, 3.463007652062463, 4.770680080596139], [5.802898860195804, 1.8412699640812054, 3.2275930849520713, 4.69952241311406], [5.97153298837281, 2.0368229839331007, 3.2940770930968832, 4.641038243441224], [6.124852795835284, 1.9213177058063027, 3.3319005529328365, 4.812134717546459], [5.957166489492075, 2.032573811222505, 3.367925905977444, 4.710732263853332], [5.946346554699092, 1.7322008439496763, 3.360441005263862, 4.465051535275372]]
[[6.145247455463708, 2.0307935645206054, 3.442040971558579, 4.5218974652724535], [5.776598926563333, 1.9002140266858907, 3.635795480196557, 4.719735928153139], [5.8331499442084365, 1.7265229929894021, 3.2198055726598525, 4.859349262211291], [5.814738705582009, 1.823323869977053, 3.6043768089133303, 4.7797778277505625], [6.134908164808192, 1.802963676626539, 3.2489781614648368, 4.639331517089292], [5.951336941404845, 1.8734504130258534, 3.414270842283543, 4.474148554629778], [5.9478703190865865, 2.0877812200655947, 3.361930209517824, 4.756367374753887], [5.984719833461488, 1.851940424836304, 3.649629330769578, 4.846869342632963]]
[[5.704784781106256, 2.0220508474097363, 3.5032471725506262, 4.646760264865483], [5.6643042068226706, 1.7874723077890722, 3.570610075249591, 4.503231068642978], [6.095370105836253, 1.7642694380231447, 3.3402725911121984, 4.608208251587968], [5.71327629414222, 2.1456021050690954, 3.2084675621313155, 4.831803715808197], [6.027420879856299, 1.9310386777551916, 3.4883045521793288, 4.398419068375668], [6.086332596152807, 2.050682980782926, 3.4154605032259546, 4.493779473038216], [5.8031550415094255, 2.037410492068301, 3.2219982836047674, 4.441310698321857], [6.095517845324584, 2.1185751951213163, 3.433761789522923, 4.75309223625183], [6.0798558861083976, 2.051897295849795, 3.485873794145395, 4.379263699709735]]
[[6.01846497533871, 1.7383833076774782, 3.629366339366759, 4.726492593430124], [6.049254778607071, 1.88134291780711, 3.266076829267272, 4.39374320941243], [6.0778585741326765, 2.071582608209214, 3.64624666513675, 4.808152376465295], [5.887614144214564, 2.1377385243734817, 3.3936207005889276, 4.391520921814304], [6.02237924033437, 2.0233584640045126, 3.35993691355397, 4.783719966826427], [5.94568515270862, 1.8057147961767908, 3.6565726707442745, 4.573480200842885], [5.798405711375367, 1.890402917676091, 3.1649134611277163, 4.512840781382623], [5.711741567567257, 1.8597304265730348, 3.4057282843416967, 4.607908569772436], [5.964099902714706, 1.933354899014301, 3.515088145117325, 4.4715897410883905]]
[[5.865498168758427, 1.8325887943538328, 3.2999672654525396, 4.5899516332729], [6.149043530593429, 1.9584248941874431, 3.2316287760420814, 4.7575853099141865], [6.043782737842271, 1.8389578071634445, 3.606771010644195, 4.851033710544046], [5.654285721138526, 2.0984140780482443, 3.4345995207998907, 4.818635813591597], [6.063323630312976, 1.7982291742872545, 3.5458931065619823, 4.58031227489855], [5.888088132334344, 1.8124162361627378, 3.2481614003234096, 4.455672437588218], [5.956877054885483, 1.9228874665595959, 3.2056567082591916, 4.589333255934659], [5.792551212740995, 1.8300505061027579, 3.615480569591383, 4.821659145839046], [5.80224821071886, 2.1025878014667883, 3.43616548067102, 4.776781287571107], [5.7218027028586915, 1.821859972420445, 3.5127816521930715, 4.479960728367689], [5.818744074569307, 2.1872669834069756, 3.6442524244723864, 4.746314653803417]]

count: 58

range:0.125, cols 5.933157019361572, holes 1.9333422585880735, gaps 3.4047164812712967, clear 4.630153044753769, lineCap:100, randomized board start up to row 13
[[5.818462586106636, 1.9518708717467734, 3.4900231454201194, 4.6825147650000964], [6.050465093280251, 1.89703726179492, 3.3455046552849796, 4.742048581930216], [5.967514736730993, 1.9744758040164083, 3.2834135596990626, 4.617743336913581], [5.857999800630984, 1.8286678610328442, 3.3640068055159733, 4.64182411409406], [5.935754613442684, 1.834924522818497, 3.4468168940477355, 4.567264418030286], [5.936998808785893, 2.0479102270846123, 3.3149149725258744, 4.670109319564666], [5.947645531984439, 2.0362100566140047, 3.314815318774866, 4.546843023414112]]
[[6.028622473369049, 1.8947513901444946, 3.4757192464281026, 4.600478257361738], [5.868792884271826, 2.0012225301110074, 3.3707712775648884, 4.551114950795764], [5.945877281437756, 1.8108763395716, 3.4808681180175456, 4.54794893369606], [5.9654731991746495, 2.003706229829584, 3.39875040204777, 4.602481300798603], [5.844891630397636, 1.898547786061957, 3.4539276459934074, 4.724482486082171]]
[[5.977120074395218, 1.9965686556833786, 3.5198276365818413, 4.729311162926517], [6.017140525682252, 1.8409737124300662, 3.5248438851670185, 4.575014865750079], [6.030328205944287, 2.0484491610985707, 3.383950118597582, 4.66958454294943]]
[[5.8736592082842884, 1.9614580651601112, 3.3729003737300234, 4.669401249926394], [5.8460443157159965, 1.9859232262987652, 3.337943822777803, 4.513742357044137], [5.874058805370308, 1.8968531847472414, 3.2959455609433856, 4.5737892924378905]]
[[5.915372958731147, 1.8532863898216418, 3.363805815352764, 4.516877333751606], [6.0433528356712, 1.8482867151052034, 3.4316705483626486, 4.691728553943733], [5.99847852192215, 1.8232009284872472, 3.5286950069597456, 4.558675893438987], [5.885456151940007, 1.8579256213013966, 3.435419061478277, 4.561661975903621], [5.955462996705852, 2.046148803192085, 3.3336052845410427, 4.684828133449529]]
[[5.891007900002679, 1.8616850154959157, 3.4815517016079167, 4.679665201902012], [5.927252396138078, 2.032523812554769, 3.4124681162952912, 4.725457634861763], [5.867001541896304, 1.912897363709529, 3.3372241468567387, 4.74161922055142], [5.921960661377029, 1.851990338371823, 3.2987323602782515, 4.741982039633947], [6.02357781808083, 1.8132333883420595, 3.36359834390781, 4.629093478370013], [5.81753306434441, 1.979059328604514, 3.480287303232484, 4.572142730429433], [5.865266890400569, 1.8564471730042675, 3.425903892431746, 4.553561922399454]]
[[6.0461760005646905, 2.0118448184881927, 3.296416445333144, 4.6645737501439175], [5.940728007878982, 2.0536751922469536, 3.3476141268794266, 4.582739108558568], [5.974176837269628, 2.0243443177319542, 3.3481787567402685, 4.752755522072815], [5.9487661996188255, 2.008263854143568, 3.327809124848305, 4.735301276401503], [5.862124803614045, 1.919831939951224, 3.3233730999379625, 4.628619557923555], [6.0480757454451926, 1.9111613341868243, 3.394965872126932, 4.592067385532582], [5.938295242203986, 1.82251094773738, 3.358102236013911, 4.709671429348081], [5.935762525554651, 1.8503741613280325, 3.412695461335911, 4.702922972166478], [5.838331031354157, 1.922009111408232, 3.336614795926646, 4.546215490749829], [5.932526514591806, 1.8163326209944823, 3.5277439553756667, 4.654098575339136], [5.999950926924815, 1.9645527983448037, 3.4396490457362563, 4.525825920604232], [6.008215463011047, 1.8221896730406018, 3.3150016541291283, 4.652161387519234]]

count: 42

range:0.0625, cols 5.937421495482078, holes 1.9231952984247034, gaps 3.3927635617811003, clear 4.634046272707411, lineCap:100, randomize board start up to row 14
[[5.919606362323187, 1.9574549294835426, 3.3755876261555127, 4.66128760770408], [5.9952015908578895, 1.8899684815905322, 3.42452388709003, 4.6928417071183555], [5.947390576143207, 1.9073087937921498, 3.402848246910955, 4.664163416408569], [5.876698447960715, 1.9316000511991762, 3.3530492242915297, 4.633405678763494]]
[[5.911423475731225, 1.9686566117169122, 3.401099118722174, 4.637144063944491], [5.940014189041371, 1.9664873978375277, 3.4299956994237557, 4.6885627141610575], [5.949795711298961, 1.9664262437147169, 3.440443851385547, 4.676834899826821], [5.9467473731341185, 1.8661624041488727, 3.352031673981257, 4.586123837818533]]
[[5.988246359225511, 1.8762623801198428, 3.421105613272019, 4.58148168723657], [5.970823648261829, 1.8647171335341788, 3.358085731940196, 4.572826058071481], [5.9242236403492585, 1.9761698957081273, 3.444606651263026, 4.683464100423803], [5.876388492394154, 1.8725408429885964, 3.3620220513328647, 4.629598710054554], [5.994299133178616, 1.8916922318516, 3.4499348231755698, 4.619345204824323], [5.929583322043809, 1.9256686551780873, 3.346276581694546, 4.6231636677053665], [5.921146484994062, 1.884812311077786, 3.4133536811949203, 4.6686192363310255], [5.931241642638337, 1.9716420333822409, 3.350965736799875, 4.629829104516411]]
[[5.968100203586092, 1.8680155009037847, 3.4522871744633226, 4.578402377547567], [5.892087460000829, 1.9720470607110845, 3.3889543845026555, 4.657685139090736], [5.8970775858739275, 1.926902788492991, 3.3492240752975664, 4.612839514706218], [5.901629862096017, 1.9086706108804146, 3.330717590330812, 4.637857335833575], [5.91338857440005, 1.8889210975281343, 3.446629344181008, 4.600379776964777]]
[[5.894841550706189, 1.870241924384689, 3.3321379731543606, 4.682610040409085], [5.89857763736353, 1.947430986326864, 3.3774046518726677, 4.620240694831174]]
[[5.9347694011792, 1.9732974662143932, 3.363622773325144, 4.665211216793314], [5.886121186215677, 1.8806924710565611, 3.3694399095871512, 4.6179829436773465], [5.951647498301757, 1.8769722276392315, 3.452895103909452, 4.608984208612733], [5.971848243695067, 1.9139265850663143, 3.3405901088957712, 4.657729483641871], [5.986774449965467, 1.888777625716229, 3.404561474883685, 4.639197659763069], [5.96599974078156, 1.9001591248883234, 3.3986267406959683, 4.672941469460748]]
[[5.906314701326219, 1.9637818905258941, 3.454927577105765, 4.694019593921005], [5.915795168649643, 1.9117789352515169, 3.351273777444683, 4.641688920514832], [5.879745148451449, 1.957134650242051, 3.3755935050644394, 4.6766051580591546], [5.933378859314143, 1.8972266414547057, 3.33710234104817, 4.678442848049622], [5.9634985468559325, 1.9791913996206731, 3.38697890882253, 4.691766547646835]]
[[5.876636223451222, 1.919253612549883, 3.3841228239136085, 4.6424418586543945], [5.964226086123086, 1.9704645427067817, 3.3752504029456234, 4.630792708768243], [5.891324997233017, 1.8776596491491895, 3.38467654925525, 4.6405590691609575], [5.902990695521688, 1.8616749611615118, 3.423631548366258, 4.610900481376494], [5.9500239521471965, 1.8898500599119383, 3.382799533073864, 4.613257346064122], [5.960864605534595, 1.8906504129296484, 3.3992736447247096, 4.659695754682649], [5.897695685034684, 1.9154504290868954, 3.3628518045298037, 4.675476948116071], [5.884222720787612, 1.916550122413347, 3.3392130695286157, 4.580854623845007]]

count: 42

optimized weights: cols 5.9288669341469555, holes 1.9162926946223073, gaps 3.3878742140370637, clear 4.641363224169059
